{
 "cells": [
  {
   "cell_type": "code",
   "execution_count": 1,
   "id": "3721277e-795e-43cf-9fa8-43a185318f17",
   "metadata": {},
   "outputs": [],
   "source": [
    "from ortools.constraint_solver import pywrapcp\n",
    "from ortools.constraint_solver import routing_enums_pb2"
   ]
  },
  {
   "cell_type": "code",
   "execution_count": 2,
   "id": "c33806bc-43c7-4e43-a565-386283323e44",
   "metadata": {},
   "outputs": [],
   "source": [
    "def create_data_model():\n",
    "    data = {}\n",
    "    data['distance_matrix'] = [\n",
    "        [\n",
    "            0, 548, 776, 696, 582, 274, 502, 194, 308, 194, 536, 502, 388, 354,\n",
    "            468, 776, 662\n",
    "        ],\n",
    "        [\n",
    "            548, 0, 684, 308, 194, 502, 730, 354, 696, 742, 1084, 594, 480, 674,\n",
    "            1016, 868, 1210\n",
    "        ],\n",
    "        [\n",
    "            776, 684, 0, 992, 878, 502, 274, 810, 468, 742, 400, 1278, 1164,\n",
    "            1130, 788, 1552, 754\n",
    "        ],\n",
    "        [\n",
    "            696, 308, 992, 0, 114, 650, 878, 502, 844, 890, 1232, 514, 628, 822,\n",
    "            1164, 560, 1358\n",
    "        ],\n",
    "        [\n",
    "            582, 194, 878, 114, 0, 536, 764, 388, 730, 776, 1118, 400, 514, 708,\n",
    "            1050, 674, 1244\n",
    "        ],\n",
    "        [\n",
    "            274, 502, 502, 650, 536, 0, 228, 308, 194, 240, 582, 776, 662, 628,\n",
    "            514, 1050, 708\n",
    "        ],\n",
    "        [\n",
    "            502, 730, 274, 878, 764, 228, 0, 536, 194, 468, 354, 1004, 890, 856,\n",
    "            514, 1278, 480\n",
    "        ],\n",
    "        [\n",
    "            194, 354, 810, 502, 388, 308, 536, 0, 342, 388, 730, 468, 354, 320,\n",
    "            662, 742, 856\n",
    "        ],\n",
    "        [\n",
    "            308, 696, 468, 844, 730, 194, 194, 342, 0, 274, 388, 810, 696, 662,\n",
    "            320, 1084, 514\n",
    "        ],\n",
    "        [\n",
    "            194, 742, 742, 890, 776, 240, 468, 388, 274, 0, 342, 536, 422, 388,\n",
    "            274, 810, 468\n",
    "        ],\n",
    "        [\n",
    "            536, 1084, 400, 1232, 1118, 582, 354, 730, 388, 342, 0, 878, 764,\n",
    "            730, 388, 1152, 354\n",
    "        ],\n",
    "        [\n",
    "            502, 594, 1278, 514, 400, 776, 1004, 468, 810, 536, 878, 0, 114,\n",
    "            308, 650, 274, 844\n",
    "        ],\n",
    "        [\n",
    "            388, 480, 1164, 628, 514, 662, 890, 354, 696, 422, 764, 114, 0, 194,\n",
    "            536, 388, 730\n",
    "        ],\n",
    "        [\n",
    "            354, 674, 1130, 822, 708, 628, 856, 320, 662, 388, 730, 308, 194, 0,\n",
    "            342, 422, 536\n",
    "        ],\n",
    "        [\n",
    "            468, 1016, 788, 1164, 1050, 514, 514, 662, 320, 274, 388, 650, 536,\n",
    "            342, 0, 764, 194\n",
    "        ],\n",
    "        [\n",
    "            776, 868, 1552, 560, 674, 1050, 1278, 742, 1084, 810, 1152, 274,\n",
    "            388, 422, 764, 0, 798\n",
    "        ],\n",
    "        [\n",
    "            662, 1210, 754, 1358, 1244, 708, 480, 856, 514, 468, 354, 844, 730,\n",
    "            536, 194, 798, 0\n",
    "        ],\n",
    "    ]\n",
    "    \n",
    "    data['num_vehicles'] = 4\n",
    "    data['depot'] = 0\n",
    "    data['demands'] = [0, 1, 1, 2, 4, 2, 4, 8, 8, 1, 2, 1, 2, 4, 4, 8, 8]\n",
    "    data['vehicle_capacities'] = [15, 15, 15, 15]\n",
    "    data['pickups_deliveries'] = [\n",
    "        [1, 6],\n",
    "        [2, 10],\n",
    "        [4, 3],\n",
    "        [5, 9],\n",
    "        [7, 8],\n",
    "        [15, 11],\n",
    "        [13, 12],\n",
    "        [16, 14],\n",
    "    ]\n",
    "    data['time_windows'] = [\n",
    "        (0, 5),   # depot\n",
    "        (7, 12),  # 1\n",
    "        (10, 15), # 2\n",
    "        (16, 18), # 3\n",
    "        (10, 13), # 4\n",
    "        (0, 5),   # 5\n",
    "        (5, 10),  # 6\n",
    "        (0, 4),   # 7\n",
    "        (5, 10),  # 8\n",
    "        (0, 3),   # 9\n",
    "        (10, 16), # 10\n",
    "        (10, 15), # 11\n",
    "        (0, 5),   # 12\n",
    "        (5, 10),  # 13\n",
    "        (7, 8),   # 14\n",
    "        (10, 15), # 15\n",
    "        (11, 15), # 16\n",
    "    ]\n",
    "\n",
    "    \n",
    "    \n",
    "    \n",
    "    \n",
    "    return data"
   ]
  },
  {
   "cell_type": "code",
   "execution_count": 6,
   "id": "280dccc9-f37c-425e-9684-664de17b9a65",
   "metadata": {},
   "outputs": [],
   "source": [
    "def main():\n",
    "    data = create_data_model()\n",
    "    manager = pywrapcp.RoutingIndexManager(len(data['distance_matrix']), data['num_vehicles'], data['depot'] )\n",
    "    routing = pywrapcp.RoutingModel(manager)\n",
    "    \n",
    "    def distance_callback(from_index, to_index):\n",
    "        from_node = manager.IndexToNode(from_index)\n",
    "        to_node = manager.IndexToNode(to_index)\n",
    "        return data['distance_matrix'][from_node][to_node]\n",
    "    \n",
    "    \n",
    "    def time_callback(from_index, to_index):\n",
    "        from_node = manager.IndexToNode(from_index)\n",
    "        to_node = manager.IndexToNode(to_node)\n",
    "        return data['time_windows'][from_node][to_node]\n",
    "    \n",
    "#     def demand_callback(from_index):\n",
    "#         from_node = manager.IndexToNode(from_index)\n",
    "#         return data['demands'][from_node]\n",
    "    \n",
    "    transit_callback_index = routing.RegisterTransitCallback(distance_callback)\n",
    "#     demand_callback_index = routing.RegisterUnaryTransitCallback(demand_callback)\n",
    "    \n",
    "    \n",
    "    \n",
    "    routing.SetArcCostEvaluatorOfAllVehicles(transit_callback_index)\n",
    "\n",
    "\n",
    "        \n",
    "    \n",
    "    \n",
    "#     routing.AddDimensionWithVehicleCapacity(\n",
    "#         demand_callback_index,\n",
    "#         0,\n",
    "#         data['vehicle_capacities'],\n",
    "#         True,\n",
    "#         'Capacity'\n",
    "#     )\n",
    "    \n",
    "    routing.AddDimension(\n",
    "        transit_callback_index,\n",
    "        0,\n",
    "        3000,\n",
    "        True,\n",
    "        \"Distance\"\n",
    "    )\n",
    "    \n",
    "    \n",
    "    distance_dimension = routing.GetDimensionOrDie(\"Distance\")\n",
    "    distance_dimension.SetGlobalSpanCostCoefficient(100)\n",
    "\n",
    "    \n",
    "    for request in data['pickups_deliveries']:\n",
    "        pickup_index = manager.NodeToIndex(request[0])\n",
    "        delivery_index = manager.NodeToIndex(request[1])\n",
    "        \n",
    "        routing.AddPickupAndDelivery(pickup_index, delivery_index)\n",
    "        \n",
    "        routing.solver().Add(\n",
    "            routing.VehicleVar(pickup_index) == routing.VehicleVar(delivery_index) \n",
    "        )\n",
    "        \n",
    "        routing.solver().Add(\n",
    "            distance_dimension.CumulVar(pickup_index) <= distance_dimension.CumulVar(delivery_index)\n",
    "        )\n",
    "        \n",
    "    \n",
    "    search_parameters = pywrapcp.DefaultRoutingSearchParameters()\n",
    "#     search_parameters.first_solution_strategy = (\n",
    "#         routing_enums_pb2.FirstSolutionStrategy.PARALLEL_CHEAPEST_INSERTION\n",
    "#     )\n",
    "\n",
    "    search_parameters.local_search_metaheuristic = (\n",
    "        routing_enums_pb2.LocalSearchMetaheuristic.GUIDED_LOCAL_SEARCH\n",
    "    )\n",
    "    \n",
    "    search_parameters.time_limit.FromSeconds(1)\n",
    "    solution = routing.SolveWithParameters(search_parameters)\n",
    "    if solution:\n",
    "        print_solution(data, manager, routing, solution)\n",
    "    else:\n",
    "        print(\"no solution\")"
   ]
  },
  {
   "cell_type": "code",
   "execution_count": 7,
   "id": "f77a5bd6-72a3-42e2-b0bf-aea606df4e72",
   "metadata": {},
   "outputs": [],
   "source": [
    "def print_solution(data, manager, routing, solution):\n",
    "    max_routing_distance = 0\n",
    "    \n",
    "    for vehicle_id in range(data['num_vehicles']):\n",
    "        index = routing.Start(vehicle_id)\n",
    "        plan_output = 'Route for vehicle {}: \\n'.format(vehicle_id)\n",
    "        route_distance = 0\n",
    "        while not routing.IsEnd(index):\n",
    "            plan_output += '{} -> '.format(manager.IndexToNode(index))\n",
    "            previous_index = index\n",
    "            index = solution.Value(routing.NextVar(index))\n",
    "            route_distance += routing.GetArcCostForVehicle(\n",
    "                previous_index, index, vehicle_id \n",
    "            )\n",
    "        plan_output += '{}\\n '.format(manager.IndexToNode(index))\n",
    "        plan_output += 'Distance of the Route {}m \\n'.format(route_distance)\n",
    "        print(plan_output)\n",
    "        max_routing_distance = max(route_distance, max_routing_distance)\n",
    "\n",
    "    print('Maximum of the route distances: {}m'.format(max_routing_distance))"
   ]
  },
  {
   "cell_type": "code",
   "execution_count": 8,
   "id": "9f10866c-1ad8-40ca-9c36-da13fc6a18d6",
   "metadata": {},
   "outputs": [
    {
     "name": "stdout",
     "output_type": "stream",
     "text": [
      "Route for vehicle 0: \n",
      "0 -> 16 -> 14 -> 13 -> 12 -> 0\n",
      " Distance of the Route 1780m \n",
      "\n",
      "Route for vehicle 1: \n",
      "0 -> 5 -> 2 -> 10 -> 9 -> 0\n",
      " Distance of the Route 1712m \n",
      "\n",
      "Route for vehicle 2: \n",
      "0 -> 4 -> 3 -> 15 -> 11 -> 0\n",
      " Distance of the Route 2032m \n",
      "\n",
      "Route for vehicle 3: \n",
      "0 -> 7 -> 1 -> 6 -> 8 -> 0\n",
      " Distance of the Route 1780m \n",
      "\n",
      "Maximum of the route distances: 2032m\n"
     ]
    }
   ],
   "source": [
    "main()"
   ]
  },
  {
   "cell_type": "markdown",
   "id": "a5a5beb1-667f-4afd-a9b6-614b30c255e9",
   "metadata": {},
   "source": []
  },
  {
   "cell_type": "code",
   "execution_count": null,
   "id": "38166090-b993-4688-ae6c-ac2e5b89b5a8",
   "metadata": {},
   "outputs": [],
   "source": []
  }
 ],
 "metadata": {
  "kernelspec": {
   "display_name": "Python 3",
   "language": "python",
   "name": "python3"
  },
  "language_info": {
   "codemirror_mode": {
    "name": "ipython",
    "version": 3
   },
   "file_extension": ".py",
   "mimetype": "text/x-python",
   "name": "python",
   "nbconvert_exporter": "python",
   "pygments_lexer": "ipython3",
   "version": "3.8.5"
  }
 },
 "nbformat": 4,
 "nbformat_minor": 5
}
